60,126,-2,19,15,116,70,104,122,59,78,68,39,75,23,104,67,0,48,40,25,34,
119,1,100,138,103,35,121,13,145,76,-1,38,88,84,30,18,120,137,66,19,102,
26,131,16,146,44,0,-5,62,15,118,140,27,90,35,128,11,62,99,4,146,72,26,60,
36,138,37,109,55,-8,92,116,0,5,-8,76,81,42,81,25,86,120,58,145,86,-7,40,
83,27,127,111,114,124,26,7,67,121,49,-5,26,104,58,-7,1,48,15,146,102,79,
120,144,5,132,76,41,85,64,105,23,118,2,6,64,58,21,110,7,7,111,42,41,11,
115,62,32,0,-10,-6,131,23,34,77,2,99,67,103,24,19,75,99,104,4,26,147,38,
115,-2,90,83,112,116,82,59,58,22,43,24,99,44,25,10,71,73,121,66,1,71,89,
53,11,-3,24,15,-6,95,62,64,84,122,149,13,118,94,-7,3,103,13,25,49,0,65,
22,53,64,101,9,16,71,141,18,58,77,148,77,133,15,117,106,134,70,116,46,27,
89,105,104,-8,37,35,37,112,85,5,104,55,-4,18,124,40,6,3,-1,93,71,146,74,
9,112,54,29,56,142,116,137,110,21,53,56,44,128,21,70,67,76,126,26,59,58,
116,47,125,105,125,111,116,132,46,37,52,-5,48,130,41,13,55,109,45,119,147,
59,-7,68,33,18,88,122,24,114,90,141,15,31,82,69,62,37,83,43,56,71,65,11,
67,46,101,78,83,125,100,12,138,71,33,38,123,54,22,82,90,98,80,80,134,124,
85,74,121,51,24,75,9,129,107,108,43,33,139,121,86,51,106,12,84,126,137,
75,111,120,81,115,52,82,7,60,48,6,119,123,135,64,97,108,119,84,6,10,111,
8,46,121,1,134,118,147,127,4,2,26,-9,78,125,52,140,146,144,0,105,135,
26,102,16,52,150,51,4,122,9,31,-4,101,105,60,63,17,49,73,20,19,130,36,
56,104,98,106,135,23,14,28,13,35,150,1,73,-7,92,13,9,79,0,74,38,5,35,
150,83,134,77,-6,29,64,86,38,113,103,92,46,55,17,127,15,33,91,-1,126,
117,118,73,25,58,144,10,103,121,21,7,37,11,20,87,97,101,55,81,88,95,
-5,142,49,62,70,139,26,75,122,1,5,147,144,121,113,54,121,-3,126,46,-3,
58,121,120,54,37,93,74,57,86,-2,109,65,21,5,93,108,37,66,32,16,51,
144,112,115,49,116,20,54,-10,13,69,115,54,111,119,142,146,47,9,47,4,
119,-1,129,73,102,28,4,71,2,149,22,27,3,99,73,-3,50,15,82,33,107,36,
75,12,-1,134,0,123,142,101,6,144,111,99,75,36,119,128,31,70,77,150,
83,27,91,17,98,25,-3,76,77,39,91,102,107,2,99,126,112,-3,30,29,69,
108,25,134,10,35,70,54,58,73,15,111,55,43,86,146,110,15,100,97,122,
80,-7,30,12,31,124,100,70,122,11,88,117,139,-7,86,7,149,119,33,103,
-5,140,58,87,55,40,64,101,45,131,75,-6,57,123,-7,-8,92,17,120,25,
79,124,98,75,57,38,93,74,138,117,104,48,0,57,16,-2,149,131,-2,72,7,
79,70,118,-1,122,136,30,102,1,132,1,93,69,99,-10,111,17,78,43,146,
12,53,3,110,88,83,99,70,137,95,91,135,47,91,106,14,71,37,16,52,69,
-7,9,60,35,128,-1,130,72,116,-4,140,62,122,93,135,95,45,68,59,13,
136,43,84,50,43,59,126,120,122,101,86,42,9,64,109,100,138,73,127,
144,115,88,-5,102,29,37,150,103,67,106,79,10,14,42,136,-9,85,110,
76,119,0,147,68,127,38,9,148,93,146,89,35,121,103,131,10,108,-4,
57,35,39,118,66,47,95,7,-4,146,60,64,98,93,119,56,126,19,3,-3,87,
41,120,74,85,102,146,114,85,27,15,63,131,72,21,83,144,109,9,91,82,
116,113,116,106,140,15,102,-3,3,8,103,84,707,102,123,137,33,79,79
-7,88,144,36,136,29,97,38,74,30,66,113,-10,8,49,128,109,9,4,129,
129,97,79,23,94,6,106,9,49,89,60,-6,37,111,123,109,0,112,88,94,
76,51,-1,96,112,44,85,76,4,107,63,76,36,54,49,24,139,131,75,76,
23,144,119,-8,96,15,55,52,118,118,113,-9,54,66,120,76,35,57,127,
103,30,143,103,91,145,119,59,63,16,98,99,99,2,128,14,124,-5,100,73,
103,21,126,87,133,76,134,8,105,3,95,12,37,135,47,-3,99,1,74,79,26,
17,124,94,81,46,105,96,134,146,118,140,6,25,7,120,85,113,110,-7,29,
30,123,124,14,145,124,32,108,93,15,34,146,149,34,84,22,59,39,59,149,
82,9,1,89,32,122,109,35,48,131,88,40,57,90,135,0,144,46,61,77,97,
67,34,17,103,61,25,8,19,38,48,123,140,111,1,96,-3,43,-5,126,78,125,
134,125,70,80,132,139,81,77,50,45,49,88,124,23,63,139,78,76,-3,50,3,
119,53,148,110,14,44,69,110,124,91,10,-1,125,123,33,72,144,144,71,2,
68,44,124,29,142,11,68,82,62,2,-3,28,68,-6,49,67,19,19,40,126,45,61,
9,34,130,141,-3,64,35,80,37,98,134,85,43,99,39,47,18,-1,118,57,146,
139,13,134,101,107,-6,35,83,34,52,73,106,61,38,79,40,88,49,84,67,106,
148,67,113,90,72,136,126,45,123,-6,6,17,121,98,137,138,5,116,101,12,38,
