139,1,21,58,53,33,97,46,69,50,58,70,19,81,80,63,28,74,35,37,108,83,18,92,5,5,1,104,125,
43,69,71,29,82,22,145,42,63,51,102,113,143,86,111,68,-10,93,6,133,112,9,91,32,-9,55,64,
95,106,55,5,-8,126,62,120,77,55,31,1,110,111,44,2,8,68,54,140,74,72,121,108,76,95,34,
110,118,3,94,-10,-3,-10,110,129,77,76,108,-9,6,108,5,51,33,76,150,97,62,71,82,135,-2,
17,88,31,17,23,-7,4,68,69,142,47,103,126,13,36,41,-8,20,54,124,-4,92,102,8,74,28,33,
17,41,124,140,15,61,39,100,77,73,128,41,-3,142,134,144,127,55,15,51,59,31,70,-2,125,
107,125,46,23,61,73,113,44,8,12,1,95,67,26,80,77,99,57,14,122,31,103,28,27,117,106,
97,132,121,84,58,139,37,133,94,142,32,125,-6,83,11,-4,73,-10,25,121,25,49,61,-1,7,
84,65,95,24,-4,127,137,140,131,18,61,113,105,29,22,59,1,126,135,79,60,0,45,98,48,3,
106,65,-3,37,46,128,34,17,5,20,148,139,89,31,49,53,59,80,63,86,59,27,78,11,-10,23,
65,117,63,0,46,126,7,127,81,62,98,10,146,1,63,42,91,37,14,-4,39,95,42,115,-5,140,
82,22,46,112,145,55,13,43,-5,4,18,43,11,2,20,13,-1,-8,86,68,89,79,71,12,48,84,126,
14,34,-5,59,98,35,67,12,48,139,20,72,51,80,36,60,123,-10,-5,50,42,10,47,13,-9,86,
140,127,-7,80,9,72,-1,39,93,40,103,108,20,6,20,88,133,138,68,15,50,116,73,110,52,
34,16,24,0,73,72,150,39,56,82,31,26,65,30,104,81,44,49,52,7,66,114,120,150,139,-8,
14,43,60,107,-5,-5,19,19,117,1,127,76,78,124,28,139,118,124,94,67,22,121,102,20,
34,120,129,35,44,125,-3,34,109,13,117,139,-5,102,16,112,124,139,100,-9,2,81,116,
87,2,129,129,38,109,103,-5,42,96,33,119,145,3,131,106,27,6,131,2,17,140,92,72,40,
127,59,142,77,5,19,99,22,-7,88,93,103,58,94,28,12,121,17,123,143,133,66,115,20,
143,145,4,90,-1,102,88,-2,20,122,22,19,52,94,-3,72,125,39,16,72,40,25,17,86,2,83,
115,54,28,32,139,105,54,95,-1,138,117,62,136,0,10,46,50,144,136,112,-3,90,13,-9,
138,124,138,30,49,119,13,99,30,4,140,30,64,54,105,145,27,77,109,29,50,57,146,64,
104,-9,28,104,89,38,125,111,93,113,146,-4,50,119,26,115,144,137,109,39,86,118,113,
103,42,111,128,93,88,149,22,73,26,47,46,12
